26239
-18435
-6240
6182
-9597
-4193
-7543
-2108
-2729
3675
-25
-8102
-16219
10343
-15843
-1533
-18726
-811
543
-13599
4623
25929
-10204
-24125
-12997
5468
3204
-6065
33723
5825
6056
6466
13336
220
-18726
-3022
-19433
-4299
15213
-1165
2850
-19525
-2229
23091
6120
5736
2639
3142
13308
5435
8772
-18999
-3587
11031
-5265
18090
13190
14675
10695
-29064
36716
-8974
-1207
9073
-2558
23458
-2218
-24427
6005
3202
-9450
-19968
34343
12823
-10881
-16905
8321
22899
4749
-29748
9421
5553
10512
-4422
-19252
16303
1624
-7333
7453
-19470
14493
5589
17552
-16513
-9233
1202
-23005
-4428
-2462
-10439
1405
-29763
16574
28960
1406
-5412
-8075
1151
-16011
-25362
4611
15767
-16277
-20136
359
7915
-18070
-11470
-7309
17378
-16803
-17458
-5782
-1698
-31095
1273
-4881
-1603
-32334
3304
-9869
4488
-19699
-4580
6570
11820
-484
3655
-14471
-2759
3626
12418
589
-3777
